eng model 


pp0 =

   15.2477


pp1 =

   53.5783


pp2 =

   73.1939


pp6 =

  129.3867


pp9 =

  162.5796
